+------------+-------------------+-------------------+-------------------+--------------------+-------------------+-------------------+----------+
|   Topic    |       crisis      |   privatización   |   contaminación   |      política      |      economía     |     tecnología    | Televisa |
+------------+-------------------+-------------------+-------------------+--------------------+-------------------+-------------------+----------+
| Article 0  |         0         |         0         |         0         |         0          |         0         |         0         |    0     |
| Article 1  |         0         |         0         |         0         |         0          |         0         |         0         |    0     |
| Article 2  |        0.0        |        0.0        |        0.0        |       100.0        |        0.0        |        0.0        |   0.0    |
| Article 3  |         0         |         0         |         0         |         0          |         0         |         0         |    0     |
| Article 4  |         0         |         0         |         0         |         0          |         0         |         0         |    0     |
| Article 5  | 83.33333333333334 |        0.0        |        0.0        | 16.666666666666664 |        0.0        |        0.0        |   0.0    |
| Article 6  |        0.0        |        25.0       |        0.0        |        50.0        |        25.0       |        0.0        |   0.0    |
| Article 7  |        0.0        |        0.0        |        0.0        |       100.0        |        0.0        |        0.0        |   0.0    |
| Article 8  |        50.0       |        0.0        |        0.0        |        50.0        |        0.0        |        0.0        |   0.0    |
| Article 9  |        0.0        |        50.0       |        0.0        |        25.0        |        25.0       |        0.0        |   0.0    |
| Article 10 |         0         |         0         |         0         |         0          |         0         |         0         |    0     |
| Article 11 |         0         |         0         |         0         |         0          |         0         |         0         |    0     |
| Article 12 |        0.0        | 33.33333333333333 |        0.0        |        0.0         | 33.33333333333333 | 33.33333333333333 |   0.0    |
| Article 13 |        0.0        |        0.0        |        0.0        |        50.0        |        50.0       |        0.0        |   0.0    |
| Article 14 |         0         |         0         |         0         |         0          |         0         |         0         |    0     |
| Article 15 |        0.0        |        0.0        |        0.0        |       100.0        |        0.0        |        0.0        |   0.0    |
| Article 16 |        0.0        | 44.44444444444444 |        0.0        | 44.44444444444444  |        0.0        | 11.11111111111111 |   0.0    |
| Article 17 |        0.0        |        0.0        |        0.0        | 16.666666666666664 | 83.33333333333334 |        0.0        |   0.0    |
| Article 18 |         0         |         0         |         0         |         0          |         0         |         0         |    0     |
| Article 19 |         0         |         0         |         0         |         0          |         0         |         0         |    0     |
| Article 20 |        0.0        |        0.0        |        0.0        |       100.0        |        0.0        |        0.0        |   0.0    |
| Article 21 |         0         |         0         |         0         |         0          |         0         |         0         |    0     |
| Article 22 |        0.0        |        0.0        | 66.66666666666666 |        0.0         |        0.0        | 33.33333333333333 |   0.0    |
| Article 23 |         0         |         0         |         0         |         0          |         0         |         0         |    0     |
| Article 24 |         0         |         0         |         0         |         0          |         0         |         0         |    0     |
| Article 25 |        0.0        | 33.33333333333333 |        0.0        | 55.55555555555556  | 11.11111111111111 |        0.0        |   0.0    |
| Article 26 |        0.0        |        0.0        |        0.0        |        75.0        |        12.5       |        12.5       |   0.0    |
| Article 27 |        0.0        |        0.0        |        0.0        |        50.0        |        50.0       |        0.0        |   0.0    |
| Article 28 |        0.0        |        0.0        |        0.0        |        0.0         | 66.66666666666666 | 33.33333333333333 |   0.0    |
| Article 29 |         0         |         0         |         0         |         0          |         0         |         0         |    0     |
| Article 30 |        30.0       |        70.0       |        0.0        |        0.0         |        0.0        |        0.0        |   0.0    |
| Article 31 |         0         |         0         |         0         |         0          |         0         |         0         |    0     |
| Article 32 |        25.0       |        0.0        |        0.0        |        0.0         |        75.0       |        0.0        |   0.0    |
| Article 33 |        60.0       |        20.0       |        0.0        |        0.0         |        20.0       |        0.0        |   0.0    |
| Article 34 | 33.33333333333333 | 8.333333333333332 |        0.0        | 16.666666666666664 | 33.33333333333333 | 8.333333333333332 |   0.0    |
| Article 35 |         0         |         0         |         0         |         0          |         0         |         0         |    0     |
| Article 36 |        40.0       |        0.0        |        0.0        |        60.0        |        0.0        |        0.0        |   0.0    |
| Article 37 |        0.0        |        0.0        |        0.0        |        0.0         | 44.44444444444444 | 55.55555555555556 |   0.0    |
| Article 38 |        0.0        |       100.0       |        0.0        |        0.0         |        0.0        |        0.0        |   0.0    |
| Article 39 |        50.0       |        25.0       |        0.0        |        0.0         |        25.0       |        0.0        |   0.0    |
| Article 40 |        0.0        |       100.0       |        0.0        |        0.0         |        0.0        |        0.0        |   0.0    |
| Article 41 |        0.0        |  90.9090909090909 |        0.0        |        0.0         | 9.090909090909092 |        0.0        |   0.0    |
| Article 42 |         0         |         0         |         0         |         0          |         0         |         0         |    0     |
| Article 43 |        0.0        |        0.0        |        0.0        |        0.0         |        0.0        |       100.0       |   0.0    |
| Article 44 |         0         |         0         |         0         |         0          |         0         |         0         |    0     |
| Article 45 |        0.0        |        0.0        |        0.0        |       100.0        |        0.0        |        0.0        |   0.0    |
| Article 46 | 33.33333333333333 |        0.0        |        0.0        | 33.33333333333333  | 33.33333333333333 |        0.0        |   0.0    |
| Article 47 |         0         |         0         |         0         |         0          |         0         |         0         |    0     |
| Article 48 |        0.0        |        0.0        |        0.0        |       100.0        |        0.0        |        0.0        |   0.0    |
| Article 49 |         0         |         0         |         0         |         0          |         0         |         0         |    0     |
| Article 50 |        0.0        |        0.0        |        0.0        |        0.0         |       100.0       |        0.0        |   0.0    |
| Article 51 |        37.5       |        12.5       |        0.0        |        37.5        |        12.5       |        0.0        |   0.0    |
| Article 52 |         0         |         0         |         0         |         0          |         0         |         0         |    0     |
| Article 53 |        0.0        |        0.0        |        0.0        |        0.0         |       100.0       |        0.0        |   0.0    |
| Article 54 |        50.0       |        0.0        |        0.0        |        50.0        |        0.0        |        0.0        |   0.0    |
| Article 55 |        0.0        |        0.0        |        0.0        |       100.0        |        0.0        |        0.0        |   0.0    |
| Article 56 |        0.0        |        0.0        |       100.0       |        0.0         |        0.0        |        0.0        |   0.0    |
| Article 57 |         0         |         0         |         0         |         0          |         0         |         0         |    0     |
| Article 58 |        50.0       |        0.0        |        0.0        |        25.0        |        25.0       |        0.0        |   0.0    |
| Article 59 |        0.0        |        0.0        |        0.0        |       100.0        |        0.0        |        0.0        |   0.0    |
| Article 60 |        0.0        |        0.0        |        0.0        |       100.0        |        0.0        |        0.0        |   0.0    |
| Article 61 |         0         |         0         |         0         |         0          |         0         |         0         |    0     |
| Article 62 |         0         |         0         |         0         |         0          |         0         |         0         |    0     |
| Article 63 |        0.0        |        0.0        |        0.0        |       100.0        |        0.0        |        0.0        |   0.0    |
| Article 64 |        0.0        |        0.0        |        0.0        |       100.0        |        0.0        |        0.0        |   0.0    |
| Article 65 |        0.0        |        0.0        |        0.0        |       100.0        |        0.0        |        0.0        |   0.0    |
| Article 66 |        0.0        |        0.0        | 66.66666666666666 |        0.0         |        0.0        | 33.33333333333333 |   0.0    |
| Article 67 |        0.0        |        0.0        |       100.0       |        0.0         |        0.0        |        0.0        |   0.0    |
| Article 68 |         0         |         0         |         0         |         0          |         0         |         0         |    0     |
| Article 69 |         0         |         0         |         0         |         0          |         0         |         0         |    0     |
| Article 70 |         0         |         0         |         0         |         0          |         0         |         0         |    0     |
| Article 71 |         0         |         0         |         0         |         0          |         0         |         0         |    0     |
| Article 72 |         0         |         0         |         0         |         0          |         0         |         0         |    0     |
| Article 73 |         0         |         0         |         0         |         0          |         0         |         0         |    0     |
| Article 74 |         0         |         0         |         0         |         0          |         0         |         0         |    0     |
| Article 75 |         0         |         0         |         0         |         0          |         0         |         0         |    0     |
+------------+-------------------+-------------------+-------------------+--------------------+-------------------+-------------------+----------+